lon	lat	depth_m
-118.582956	34.448307	0.0
-118.582956	34.448307	7.62
-118.582956	34.448307	15.24
-118.582957	34.448306	22.86
-118.582957	34.448306	30.48
-118.582958	34.448306	38.1
-118.582958	34.448305	45.72
-118.582959	34.448305	53.34
-118.58296	34.448304	60.96
-118.58296	34.448304	68.58
-118.582961	34.448303	76.2
-118.582962	34.448303	83.82
-118.582963	34.448303	91.44
-118.582964	34.448302	99.06
-118.582965	34.448302	106.68
-118.582966	34.448301	114.3
-118.582967	34.448301	121.92
-118.582969	34.448301	129.54
-118.58297	34.4483	137.16
-118.582971	34.4483	144.78
-118.582973	34.448299	152.4
-118.582975	34.448299	160.02
-118.582976	34.448299	167.64
-118.582978	34.448299	175.26
-118.58298	34.448298	182.88
-118.582982	34.448298	190.5
-118.582984	34.448298	198.12
-118.582985	34.448298	205.74
-118.582987	34.448299	213.36
-118.582989	34.448299	220.98
-118.58299	34.448299	228.6
-118.582992	34.448299	236.22
-118.582994	34.448299	243.84
-118.582995	34.448299	251.46
-118.582997	34.448299	259.08
-118.582998	34.4483	266.7
-118.583	34.4483	274.32
-118.583001	34.448301	281.94
-118.583003	34.448301	289.56
-118.583004	34.448301	297.18
-118.583006	34.448302	304.8
-118.583007	34.448302	312.42
-118.583009	34.448303	320.04
-118.58301	34.448303	327.66
-118.583011	34.448304	335.28
-118.583012	34.448304	342.9
-118.583014	34.448304	350.52
-118.583015	34.448305	358.14
-118.583017	34.448305	365.76
-118.583019	34.448306	373.38
-118.58302	34.448306	381.0
-118.583022	34.448306	388.62
-118.583024	34.448307	396.24
-118.583025	34.448307	403.86
-118.583027	34.448307	411.48
-118.583029	34.448307	419.1
-118.58303	34.448307	426.72
-118.583031	34.448308	434.34
-118.583033	34.448308	441.96
-118.583034	34.448308	449.58
-118.583035	34.448308	457.2
-118.583037	34.448308	464.82
-118.583038	34.448309	472.44
-118.583039	34.448309	480.06
-118.58304	34.448309	487.68
-118.583041	34.44831	495.3
-118.583042	34.44831	502.92
-118.583044	34.44831	510.54
-118.583045	34.44831	518.16
-118.583047	34.44831	525.78
-118.583048	34.44831	533.4
-118.58305	34.44831	541.02
-118.583051	34.44831	548.64
-118.583052	34.44831	556.26
-118.583053	34.448309	563.88
-118.583054	34.448309	571.5
-118.583055	34.448309	579.12
-118.583056	34.448309	586.74
-118.583057	34.448309	594.36
-118.583058	34.448309	601.98
-118.583059	34.448309	609.6
-118.58306	34.448309	617.22
-118.583061	34.448308	624.84
-118.583061	34.448308	632.46
-118.583062	34.448308	640.08
-118.583062	34.448307	647.7
-118.583063	34.448307	655.32
-118.583063	34.448306	662.94
-118.583064	34.448306	670.56
-118.583065	34.448306	678.18
-118.583065	34.448306	685.8
-118.583066	34.448305	693.42
-118.583066	34.448305	701.04
-118.583067	34.448305	708.66
-118.583067	34.448304	716.28
-118.583068	34.448304	723.9
-118.583069	34.448304	731.52
-118.58307	34.448304	739.14
-118.583071	34.448305	746.76
-118.583073	34.448305	754.38
-118.583074	34.448305	762.0
-118.583075	34.448305	769.62
-118.583076	34.448304	777.24
-118.583077	34.448304	784.86
-118.583078	34.448303	792.48
-118.583079	34.448303	800.1
-118.58308	34.448302	807.72
-118.583081	34.448302	815.34
-118.583082	34.448301	822.96
-118.583083	34.448301	830.58
-118.583084	34.448301	838.2
-118.583085	34.448301	845.82
-118.583085	34.448301	853.44
-118.583086	34.448301	861.06
-118.583087	34.448301	868.68
-118.583088	34.448301	876.3
-118.583088	34.448301	883.92
-118.583089	34.448301	891.54
-118.583089	34.448301	899.16
-118.58309	34.448301	906.78
-118.58309	34.448301	914.4
-118.583091	34.448301	922.02
-118.583091	34.448301	929.64
-118.583092	34.448301	937.26
-118.583092	34.448301	944.88
-118.583092	34.448301	952.5
-118.583092	34.448301	960.12
-118.583092	34.448301	967.74
-118.583092	34.4483	975.36
-118.583092	34.4483	982.98
-118.583092	34.4483	990.6
-118.583092	34.4483	998.22
-118.583092	34.448299	1005.84
-118.583092	34.448299	1013.46
-118.583092	34.448299	1021.08
-118.583092	34.448298	1028.7
-118.583091	34.448297	1036.32
-118.583091	34.448296	1043.94
-118.58309	34.448296	1051.56
-118.583089	34.448295	1059.18
-118.583088	34.448294	1066.8
-118.583087	34.448293	1074.42
-118.583087	34.448292	1082.04
-118.583086	34.448292	1089.66
-118.583085	34.448291	1097.28
-118.583084	34.44829	1104.9
-118.583083	34.448289	1112.52
-118.583082	34.448288	1120.14
-118.583081	34.448288	1127.76
-118.58308	34.448287	1135.38
-118.583079	34.448286	1143.0
-118.583078	34.448285	1150.62
-118.583077	34.448284	1158.24
-118.583075	34.448283	1165.86
-118.583074	34.448282	1173.48
-118.583073	34.448282	1181.1
-118.583071	34.448281	1188.72
-118.58307	34.44828	1196.34
-118.583068	34.44828	1203.96
-118.583066	34.44828	1211.58
-118.583064	34.44828	1219.2
-118.583062	34.448279	1226.82
-118.58306	34.448279	1234.44
-118.583058	34.448279	1242.06
-118.583056	34.448279	1249.68
-118.583055	34.448279	1257.3
-118.583053	34.448279	1264.92
-118.583051	34.448279	1272.54
-118.583049	34.44828	1280.16
-118.583048	34.44828	1287.48
-118.583046	34.44828	1295.1
-118.583044	34.448281	1302.72
-118.583042	34.448281	1310.34
-118.58304	34.448282	1317.96
-118.583038	34.448282	1325.58
-118.583036	34.448283	1333.2
-118.583034	34.448283	1340.82
-118.583032	34.448284	1348.44
-118.58303	34.448284	1356.06
-118.583028	34.448285	1363.68
-118.583026	34.448285	1371.3
-118.583024	34.448286	1378.92
-118.583022	34.448286	1386.54
-118.58302	34.448287	1394.16
-118.583018	34.448288	1401.78
-118.583016	34.448289	1409.4
-118.583014	34.448289	1417.02
-118.583012	34.44829	1424.64
-118.58301	34.448291	1432.26
-118.583008	34.448292	1439.88
-118.583007	34.448293	1447.5
-118.583005	34.448293	1455.12
-118.583003	34.448294	1462.74
-118.583002	34.448295	1470.36
-118.583	34.448295	1477.98
-118.582998	34.448296	1485.6
-118.582997	34.448297	1493.22
-118.582995	34.448298	1500.84
-118.582993	34.448299	1508.46
-118.582992	34.448299	1516.08
-118.58299	34.4483	1523.7
-118.582989	34.448301	1531.32
-118.582987	34.448301	1538.94
-118.582986	34.448302	1546.56
-118.582985	34.448302	1554.18
-118.582983	34.448303	1561.8
-118.582982	34.448303	1569.42
-118.582981	34.448304	1577.04
-118.58298	34.448305	1584.66
-118.582979	34.448305	1592.28
-118.582977	34.448306	1599.9
-118.582976	34.448307	1607.52
-118.582975	34.448307	1615.14
-118.582975	34.448308	1622.76
-118.582974	34.448309	1630.38
-118.582973	34.44831	1638.0
-118.582973	34.44831	1645.62
-118.582972	34.448311	1653.24
-118.582972	34.448312	1660.86
-118.582972	34.448312	1668.48
-118.582971	34.448313	1676.1
-118.582971	34.448313	1683.72
-118.582971	34.448314	1691.34
-118.582972	34.448314	1698.96
-118.582972	34.448314	1706.58
-118.582972	34.448314	1714.2
-118.582973	34.448314	1721.82
-118.582974	34.448314	1729.44
-118.582974	34.448315	1737.06
-118.582975	34.448315	1744.68
-118.582976	34.448315	1752.3
-118.582977	34.448316	1759.92
-118.582978	34.448316	1767.54
-118.582979	34.448316	1775.16
-118.58298	34.448316	1782.78
-118.582981	34.448315	1790.4
-118.582982	34.448315	1798.02
-118.582983	34.448315	1805.64
-118.582984	34.448315	1813.26
-118.582985	34.448315	1820.88
-118.582986	34.448315	1828.5
-118.582987	34.448315	1836.12
-118.582988	34.448315	1843.74
-118.58299	34.448315	1851.36
-118.582991	34.448315	1858.98
-118.582993	34.448315	1866.6
-118.582994	34.448315	1874.22
-118.582996	34.448315	1881.84
-118.582997	34.448315	1889.46
-118.582999	34.448314	1897.08
-118.583001	34.448314	1904.7
-118.583003	34.448315	1912.32
-118.583005	34.448315	1919.94
-118.583006	34.448316	1927.56
-118.583008	34.448316	1935.18
-118.58301	34.448317	1942.8
-118.583012	34.448318	1950.42
-118.583014	34.448319	1958.04
-118.583015	34.448319	1965.66
-118.583017	34.44832	1973.28
-118.583019	34.448321	1980.9
-118.583021	34.448323	1988.52
-118.583023	34.448324	1996.14
-118.583025	34.448326	2003.76
-118.583027	34.448328	2011.38
-118.583029	34.44833	2019.0
-118.583031	34.448332	2026.62
-118.583033	34.448334	2034.24
-118.583035	34.448335	2041.86
-118.583037	34.448337	2049.48
-118.583038	34.448338	2057.1
-118.58304	34.448339	2064.72
-118.583042	34.448341	2072.34
-118.583044	34.448342	2079.96
-118.583046	34.448343	2087.58
-118.583048	34.448345	2095.2
-118.58305	34.448347	2102.82
-118.583052	34.448349	2110.44
-118.583054	34.44835	2118.06
-118.583055	34.448352	2125.68
-118.583057	34.448354	2133.3
-118.583059	34.448355	2140.92
-118.58306	34.448357	2148.54
-118.583061	34.448358	2156.16
-118.583063	34.448359	2163.78
-118.583065	34.44836	2171.4
-118.583066	34.448362	2179.02
-118.583068	34.448363	2186.64
-118.583069	34.448364	2194.26
-118.583071	34.448365	2201.88
-118.583073	34.448365	2209.5
-118.583074	34.448366	2217.12
-118.583075	34.448367	2224.74
-118.583077	34.448368	2232.36
-118.583078	34.448369	2239.98
-118.58308	34.44837	2247.6
-118.583081	34.448371	2255.22
-118.583083	34.448372	2262.84
-118.583084	34.448374	2270.46
-118.583086	34.448375	2278.08
-118.583087	34.448376	2285.7
-118.583089	34.448377	2293.32
-118.58309	34.448378	2300.94
-118.583092	34.44838	2308.56
-118.583093	34.44838	2316.18
-118.583095	34.448381	2323.8
-118.583097	34.448382	2331.42
-118.583098	34.448384	2339.04
-118.5831	34.448385	2346.66
-118.583101	34.448385	2354.28
-118.583103	34.448386	2361.9
-118.583104	34.448387	2369.52
-118.583106	34.448388	2377.14
-118.583107	34.448389	2384.76
-118.583109	34.448389	2392.38
-118.58311	34.44839	2400.0
-118.583111	34.448391	2407.62
-118.583112	34.448392	2415.24
-118.583113	34.448393	2422.86
-118.583115	34.448393	2430.48
-118.583116	34.448394	2438.1
-118.583117	34.448395	2445.72
-118.583118	34.448396	2453.34
-118.583119	34.448397	2460.96
-118.583121	34.448398	2468.58
-118.583122	34.448399	2475.89
-118.583123	34.448399	2483.51
-118.583124	34.4484	2491.13
-118.583125	34.448401	2498.75
-118.583127	34.448402	2506.37
-118.583128	34.448402	2513.99
-118.58313	34.448403	2521.61
-118.583131	34.448404	2529.23
-118.583133	34.448404	2536.85
-118.583135	34.448405	2544.47
-118.583136	34.448406	2552.09
-118.583138	34.448406	2559.71
-118.58314	34.448407	2567.33
-118.583141	34.448408	2574.95
-118.583143	34.448408	2582.57
-118.583145	34.448409	2590.19
-118.583147	34.44841	2597.81
-118.583148	34.44841	2605.43
-118.58315	34.448411	2613.05
-118.583152	34.448412	2620.67
-118.583154	34.448413	2628.29
-118.583156	34.448413	2635.91
-118.583157	34.448414	2643.53
-118.583159	34.448415	2651.15
-118.58316	34.448416	2658.77
-118.583162	34.448416	2666.39
-118.583163	34.448417	2674.01
-118.583164	34.448417	2681.63
-118.583165	34.448417	2689.25
-118.583166	34.448418	2696.87
-118.583166	34.448418	2704.49
-118.583167	34.448418	2712.11
-118.583167	34.448419	2719.73
-118.583168	34.448419	2727.35
-118.583169	34.448419	2734.97
-118.583169	34.44842	2742.59
-118.58317	34.44842	2750.21
-118.58317	34.448421	2757.83
-118.58317	34.448422	2765.45
-118.583171	34.448423	2773.07
-118.583171	34.448423	2780.69
-118.583172	34.448424	2788.31
-118.583173	34.448425	2795.93
-118.583173	34.448426	2803.55
-118.583174	34.448427	2811.17
-118.583175	34.448428	2818.79
-118.583178	34.448428	2826.41
-118.583181	34.448427	2834.03
-118.583185	34.448425	2841.65
-118.583189	34.448422	2849.27
-118.583194	34.448419	2856.89
-118.583201	34.448417	2864.51
-118.583211	34.448415	2872.13
-118.583222	34.448414	2879.75
-118.583237	34.448415	2887.07
-118.583253	34.448416	2894.69
-118.583272	34.448418	2902.0
-118.583291	34.448419	2909.32
-118.58331	34.448422	2916.94
-118.58333	34.448424	2924.25
-118.583348	34.448428	2931.57
-118.583362	34.44843	2937.36
-118.583366	34.448431	2939.19
-118.583384	34.448435	2946.5
