6385919.58	1986039.24	1166.00
6385919.52	1986039.17	1141.00
6385919.40	1986039.03	1116.00
6385919.26	1986038.88	1091.00
6385919.10	1986038.74	1066.00
6385918.94	1986038.58	1041.00
6385918.79	1986038.43	1016.00
6385918.63	1986038.26	991.00
6385918.47	1986038.09	966.00
6385918.30	1986037.92	941.00
6385918.09	1986037.76	916.00
6385917.83	1986037.60	891.00
6385917.54	1986037.48	866.00
6385917.22	1986037.35	841.00
6385916.89	1986037.22	816.00
6385916.53	1986037.07	791.00
6385916.15	1986036.91	766.00
6385915.75	1986036.75	741.00
6385915.32	1986036.59	716.00
6385914.86	1986036.44	691.00
6385914.39	1986036.31	666.00
6385913.89	1986036.19	641.00
6385913.37	1986036.10	616.00
6385912.84	1986036.05	591.00
6385912.30	1986036.02	566.00
6385911.75	1986036.01	541.00
6385911.21	1986036.02	516.00
6385910.69	1986036.04	491.00
6385910.17	1986036.07	466.00
6385909.67	1986036.11	441.00
6385909.17	1986036.15	416.00
6385908.66	1986036.19	391.00
6385908.15	1986036.24	366.00
6385907.66	1986036.30	341.00
6385907.19	1986036.39	316.00
6385906.75	1986036.52	291.00
6385906.33	1986036.66	266.00
6385905.92	1986036.82	241.00
6385905.49	1986036.98	216.00
6385905.04	1986037.15	191.00
6385904.57	1986037.31	166.00
6385904.10	1986037.48	141.00
6385903.67	1986037.64	116.00
6385903.26	1986037.79	91.00
6385902.89	1986037.94	66.00
6385902.52	1986038.09	41.00
6385902.10	1986038.24	16.00
6385901.65	1986038.39	-9.00
6385901.16	1986038.55	-34.00
6385900.65	1986038.69	-59.00
6385900.14	1986038.82	-84.00
6385899.63	1986038.94	-109.00
6385899.12	1986039.03	-134.00
6385898.62	1986039.12	-159.00
6385898.13	1986039.21	-184.00
6385897.67	1986039.30	-209.00
6385897.23	1986039.40	-234.00
6385896.80	1986039.48	-259.00
6385896.39	1986039.56	-284.00
6385896.00	1986039.62	-309.00
6385895.62	1986039.67	-334.00
6385895.27	1986039.74	-359.00
6385894.92	1986039.83	-384.00
6385894.58	1986039.96	-409.00
6385894.26	1986040.12	-434.00
6385893.93	1986040.27	-459.00
6385893.55	1986040.39	-484.00
6385893.13	1986040.46	-509.00
6385892.67	1986040.48	-534.00
6385892.20	1986040.45	-559.00
6385891.77	1986040.41	-584.00
6385891.35	1986040.34	-609.00
6385890.97	1986040.26	-634.00
6385890.61	1986040.19	-659.00
6385890.28	1986040.15	-684.00
6385889.98	1986040.13	-709.00
6385889.71	1986040.14	-734.00
6385889.44	1986040.14	-759.00
6385889.15	1986040.13	-784.00
6385888.84	1986040.10	-809.00
6385888.50	1986040.05	-834.00
6385888.19	1986039.95	-859.00
6385887.94	1986039.82	-884.00
6385887.76	1986039.65	-909.00
6385887.64	1986039.49	-934.00
6385887.54	1986039.34	-959.00
6385887.40	1986039.20	-984.00
6385887.22	1986039.07	-1009.00
6385887.02	1986038.97	-1034.00
6385886.80	1986038.88	-1059.00
6385886.61	1986038.77	-1084.00
6385886.44	1986038.65	-1109.00
6385886.30	1986038.52	-1134.00
6385886.13	1986038.40	-1159.00
6385885.92	1986038.31	-1184.00
6385885.65	1986038.28	-1209.00
6385885.35	1986038.31	-1234.00
6385885.04	1986038.38	-1259.00
6385884.72	1986038.43	-1284.00
6385884.41	1986038.45	-1309.00
6385884.09	1986038.46	-1334.00
6385883.76	1986038.43	-1359.00
6385883.43	1986038.34	-1384.00
6385883.10	1986038.19	-1409.00
6385882.78	1986037.97	-1434.00
6385882.47	1986037.75	-1459.00
6385882.16	1986037.56	-1484.00
6385881.85	1986037.40	-1509.00
6385881.56	1986037.28	-1534.00
6385881.28	1986037.19	-1559.00
6385881.01	1986037.13	-1584.00
6385880.75	1986037.11	-1609.00
6385880.50	1986037.11	-1634.00
6385880.27	1986037.13	-1659.00
6385880.06	1986037.14	-1684.00
6385879.88	1986037.16	-1709.00
6385879.71	1986037.17	-1734.00
6385879.56	1986037.19	-1759.00
6385879.39	1986037.20	-1784.00
6385879.21	1986037.22	-1809.00
6385879.01	1986037.24	-1834.00
6385878.83	1986037.25	-1859.00
6385878.68	1986037.23	-1884.00
6385878.57	1986037.20	-1909.00
6385878.50	1986037.17	-1934.00
6385878.46	1986037.13	-1959.00
6385878.42	1986037.08	-1984.00
6385878.41	1986037.02	-2009.00
6385878.41	1986036.95	-2034.00
6385878.43	1986036.88	-2059.00
6385878.45	1986036.80	-2084.00
6385878.46	1986036.71	-2109.00
6385878.48	1986036.60	-2134.00
6385878.51	1986036.47	-2159.00
6385878.56	1986036.28	-2184.00
6385878.65	1986036.05	-2209.00
6385878.78	1986035.77	-2234.00
6385878.94	1986035.48	-2259.00
6385879.14	1986035.19	-2284.00
6385879.36	1986034.89	-2309.00
6385879.61	1986034.59	-2334.00
6385879.88	1986034.30	-2359.00
6385880.14	1986034.00	-2384.00
6385880.41	1986033.71	-2409.00
6385880.67	1986033.41	-2434.00
6385880.94	1986033.11	-2459.00
6385881.22	1986032.82	-2484.00
6385881.51	1986032.53	-2509.00
6385881.80	1986032.26	-2534.00
6385882.11	1986031.97	-2559.00
6385882.43	1986031.67	-2584.00
6385882.76	1986031.35	-2609.00
6385883.10	1986031.01	-2634.00
6385883.47	1986030.66	-2659.00
6385883.87	1986030.35	-2684.00
6385884.29	1986030.07	-2709.00
6385884.71	1986029.81	-2734.00
6385885.18	1986029.61	-2759.00
6385885.73	1986029.53	-2784.00
6385886.31	1986029.48	-2809.00
6385886.91	1986029.38	-2834.00
6385887.50	1986029.26	-2859.00
6385888.08	1986029.17	-2884.00
6385888.64	1986029.11	-2909.00
6385889.19	1986029.07	-2934.00
6385889.73	1986029.08	-2959.00
6385890.26	1986029.15	-2984.00
6385890.80	1986029.25	-3009.00
6385891.33	1986029.33	-3034.00
6385891.87	1986029.43	-3058.00
6385892.45	1986029.56	-3083.00
6385893.03	1986029.71	-3108.00
6385893.61	1986029.87	-3133.00
6385894.19	1986030.05	-3158.00
6385894.79	1986030.26	-3183.00
6385895.40	1986030.48	-3208.00
6385895.99	1986030.66	-3233.00
6385896.59	1986030.82	-3258.00
6385897.20	1986030.96	-3283.00
6385897.83	1986031.10	-3308.00
6385898.47	1986031.28	-3333.00
6385899.11	1986031.49	-3358.00
6385899.73	1986031.71	-3383.00
6385900.34	1986031.97	-3408.00
6385900.93	1986032.24	-3433.00
6385901.51	1986032.52	-3458.00
6385902.08	1986032.80	-3483.00
6385902.64	1986033.09	-3508.00
6385903.20	1986033.38	-3533.00
6385903.75	1986033.66	-3558.00
6385904.25	1986033.91	-3583.00
6385904.74	1986034.16	-3608.00
6385905.26	1986034.43	-3633.00
6385905.79	1986034.70	-3658.00
6385906.28	1986034.98	-3683.00
6385906.76	1986035.26	-3708.00
6385907.24	1986035.54	-3733.00
6385907.72	1986035.82	-3758.00
6385908.22	1986036.10	-3783.00
6385908.72	1986036.36	-3808.00
6385909.20	1986036.59	-3833.00
6385909.65	1986036.81	-3858.00
6385910.07	1986037.01	-3883.00
6385910.46	1986037.19	-3908.00
6385910.86	1986037.39	-3933.00
6385911.25	1986037.60	-3958.00
6385911.64	1986037.81	-3983.00
6385912.03	1986038.04	-4008.00
6385912.39	1986038.27	-4033.00
6385912.74	1986038.52	-4058.00
6385913.07	1986038.77	-4083.00
6385913.37	1986039.02	-4108.00
6385913.66	1986039.28	-4133.00
6385913.91	1986039.54	-4158.00
6385914.13	1986039.81	-4183.00
6385914.32	1986040.08	-4208.00
6385914.47	1986040.35	-4233.00
6385914.60	1986040.61	-4258.00
6385914.72	1986040.84	-4283.00
6385914.83	1986041.03	-4308.00
6385914.92	1986041.20	-4333.00
6385914.96	1986041.36	-4358.00
6385914.93	1986041.50	-4383.00
6385914.85	1986041.61	-4408.00
6385914.74	1986041.66	-4433.00
6385914.61	1986041.70	-4458.00
6385914.44	1986041.76	-4483.00
6385914.25	1986041.85	-4508.00
6385914.03	1986041.98	-4533.00
6385913.79	1986042.11	-4558.00
6385913.54	1986042.20	-4583.00
6385913.28	1986042.26	-4608.00
6385913.02	1986042.28	-4633.00
6385912.74	1986042.27	-4658.00
6385912.45	1986042.25	-4683.00
6385912.14	1986042.22	-4708.00
6385911.81	1986042.18	-4733.00
6385911.47	1986042.14	-4758.00
6385911.14	1986042.12	-4783.00
6385910.81	1986042.13	-4808.00
6385910.49	1986042.16	-4833.00
6385910.15	1986042.19	-4858.00
6385909.77	1986042.20	-4883.00
6385909.35	1986042.18	-4908.00
6385908.91	1986042.12	-4933.00
6385908.46	1986042.06	-4958.00
6385908.00	1986042.06	-4983.00
6385907.54	1986042.04	-5008.00
6385907.06	1986041.95	-5033.00
6385906.56	1986041.86	-5058.00
6385906.02	1986041.90	-5083.00
6385905.47	1986042.04	-5108.00
6385904.93	1986042.22	-5133.00
6385904.39	1986042.42	-5158.00
6385903.84	1986042.60	-5183.00
6385903.27	1986042.80	-5208.00
6385902.69	1986043.07	-5233.00
6385902.14	1986043.38	-5258.00
6385901.64	1986043.72	-5283.00
6385901.12	1986044.08	-5308.00
6385900.54	1986044.48	-5333.00
6385899.94	1986044.93	-5358.00
6385899.35	1986045.50	-5383.00
6385898.76	1986046.14	-5408.00
6385898.13	1986046.84	-5433.00
6385897.51	1986047.57	-5458.00
6385896.94	1986048.26	-5483.00
6385896.39	1986048.90	-5508.00
6385895.83	1986049.46	-5533.00
6385895.28	1986049.98	-5558.00
6385894.75	1986050.53	-5583.00
6385894.20	1986051.06	-5608.00
6385893.63	1986051.52	-5633.00
6385893.04	1986051.99	-5658.00
6385892.46	1986052.52	-5683.00
6385891.88	1986053.13	-5708.00
6385891.32	1986053.81	-5733.00
6385890.76	1986054.48	-5758.00
6385890.20	1986055.06	-5783.00
6385889.67	1986055.63	-5808.00
6385889.16	1986056.27	-5833.00
6385888.69	1986056.90	-5858.00
6385888.27	1986057.41	-5883.00
6385887.85	1986057.87	-5908.00
6385887.39	1986058.31	-5933.00
6385886.91	1986058.75	-5958.00
6385886.42	1986059.18	-5983.00
6385885.93	1986059.60	-6008.00
6385885.45	1986059.98	-6033.00
6385884.98	1986060.31	-6058.00
6385884.52	1986060.57	-6083.00
6385884.08	1986060.85	-6108.00
6385883.64	1986061.23	-6133.00
6385883.21	1986061.65	-6158.00
6385882.79	1986062.03	-6183.00
6385882.35	1986062.39	-6208.00
6385881.89	1986062.74	-6233.00
6385881.42	1986063.12	-6258.00
6385881.00	1986063.56	-6283.00
6385880.58	1986064.03	-6308.00
6385880.16	1986064.47	-6333.00
6385879.73	1986064.89	-6358.00
6385879.27	1986065.32	-6383.00
6385878.79	1986065.72	-6408.00
6385878.29	1986066.07	-6433.00
6385877.80	1986066.42	-6458.00
6385877.33	1986066.80	-6483.00
6385876.85	1986067.20	-6508.00
6385876.36	1986067.55	-6533.00
6385875.86	1986067.88	-6558.00
6385875.40	1986068.19	-6583.00
6385874.96	1986068.48	-6608.00
6385874.51	1986068.75	-6633.00
6385874.07	1986069.02	-6658.00
6385873.68	1986069.30	-6683.00
6385873.31	1986069.59	-6708.00
6385872.95	1986069.87	-6733.00
6385872.60	1986070.17	-6758.00
6385872.26	1986070.49	-6783.00
6385871.91	1986070.81	-6808.00
6385871.56	1986071.14	-6833.00
6385871.19	1986071.47	-6858.00
6385870.84	1986071.82	-6883.00
6385870.48	1986072.15	-6908.00
6385870.13	1986072.43	-6933.00
6385869.78	1986072.70	-6957.00
6385869.43	1986073.01	-6982.00
6385869.06	1986073.32	-7007.00
6385868.67	1986073.58	-7032.00
6385868.23	1986073.81	-7057.00
6385867.76	1986074.05	-7082.00
6385867.28	1986074.30	-7107.00
6385866.84	1986074.56	-7132.00
6385866.39	1986074.83	-7157.00
6385865.92	1986075.11	-7182.00
6385865.42	1986075.37	-7207.00
6385864.92	1986075.62	-7232.00
6385864.41	1986075.85	-7257.00
6385863.90	1986076.09	-7282.00
6385863.38	1986076.33	-7307.00
6385862.84	1986076.56	-7332.00
6385862.29	1986076.80	-7357.00
6385861.73	1986077.07	-7382.00
6385861.18	1986077.35	-7407.00
6385860.64	1986077.62	-7432.00
6385860.11	1986077.90	-7457.00
6385859.57	1986078.18	-7482.00
6385859.06	1986078.45	-7507.00
6385858.58	1986078.70	-7532.00
6385858.14	1986078.94	-7557.00
6385857.72	1986079.15	-7582.00
6385857.34	1986079.35	-7607.00
6385857.03	1986079.52	-7632.00
6385856.76	1986079.66	-7657.00
6385856.53	1986079.77	-7682.00
6385856.34	1986079.87	-7707.00
6385856.17	1986079.99	-7732.00
6385856.02	1986080.12	-7757.00
6385855.85	1986080.24	-7782.00
6385855.69	1986080.37	-7807.00
6385855.55	1986080.52	-7832.00
6385855.41	1986080.70	-7857.00
6385855.27	1986080.96	-7882.00
6385855.14	1986081.24	-7907.00
6385854.99	1986081.51	-7932.00
6385854.84	1986081.78	-7957.00
6385854.66	1986082.09	-7982.00
6385854.47	1986082.42	-8007.00
6385854.26	1986082.76	-8032.00
6385853.99	1986083.09	-8057.00
6385853.63	1986083.36	-8082.00
6385852.98	1986083.46	-8107.00
6385852.01	1986083.07	-8132.00
6385850.87	1986082.28	-8157.00
6385849.58	1986081.38	-8182.00
6385847.96	1986080.43	-8207.00
6385845.82	1986079.55	-8232.00
6385843.02	1986078.89	-8257.00
6385839.47	1986078.67	-8282.00
6385835.18	1986078.85	-8306.00
6385830.12	1986079.30	-8331.00
6385824.57	1986079.93	-8355.00
6385818.78	1986080.60	-8379.00
6385812.92	1986081.41	-8404.00
6385807.17	1986082.45	-8428.00
6385801.59	1986083.68	-8452.00
6385797.48	1986084.72	-8471.00
6385796.20	1986085.05	-8477.00
6385790.87	1986086.43	-8501.00
