6386731.94	1985312.63	1166.00
6386732.05	1985312.56	1141.00
6386732.28	1985312.43	1116.00
6386732.51	1985312.30	1091.00
6386732.74	1985312.17	1066.00
6386732.98	1985312.03	1041.00
6386733.23	1985311.89	1016.00
6386733.49	1985311.75	991.00
6386733.78	1985311.60	966.00
6386734.06	1985311.45	941.00
6386734.32	1985311.31	916.00
6386734.57	1985311.17	891.00
6386734.81	1985311.04	866.00
6386735.02	1985310.90	841.00
6386735.21	1985310.74	816.00
6386735.38	1985310.56	791.00
6386735.51	1985310.38	766.00
6386735.62	1985310.18	741.00
6386735.68	1985309.98	716.00
6386735.70	1985309.77	691.00
6386735.69	1985309.57	666.00
6386735.66	1985309.37	641.00
6386735.63	1985309.16	616.00
6386735.61	1985308.95	591.00
6386735.60	1985308.73	566.00
6386735.58	1985308.50	541.00
6386735.55	1985308.24	516.00
6386735.51	1985307.97	491.00
6386735.45	1985307.67	466.00
6386735.37	1985307.32	441.00
6386735.24	1985306.93	416.00
6386735.07	1985306.48	391.00
6386734.83	1985305.98	366.00
6386734.58	1985305.47	341.00
6386734.33	1985304.96	316.00
6386734.08	1985304.46	291.00
6386733.85	1985303.97	266.00
6386733.62	1985303.48	241.00
6386733.39	1985302.99	216.00
6386733.16	1985302.49	191.00
6386732.94	1985302.00	166.00
6386732.71	1985301.50	141.00
6386732.50	1985301.01	116.00
6386732.29	1985300.53	91.00
6386732.09	1985300.05	66.00
6386731.90	1985299.56	41.00
6386731.69	1985299.05	16.00
6386731.49	1985298.52	-9.00
6386731.28	1985297.97	-34.00
6386731.07	1985297.42	-59.00
6386730.86	1985296.88	-84.00
6386730.65	1985296.35	-109.00
6386730.44	1985295.83	-134.00
6386730.24	1985295.31	-159.00
6386730.06	1985294.79	-184.00
6386729.90	1985294.26	-209.00
6386729.76	1985293.74	-234.00
6386729.62	1985293.21	-259.00
6386729.44	1985292.68	-284.00
6386729.23	1985292.14	-309.00
6386728.99	1985291.59	-334.00
6386728.74	1985291.05	-359.00
6386728.47	1985290.49	-384.00
6386728.20	1985289.94	-409.00
6386727.92	1985289.37	-434.00
6386727.63	1985288.82	-459.00
6386727.33	1985288.28	-484.00
6386727.02	1985287.77	-509.00
6386726.70	1985287.28	-534.00
6386726.39	1985286.81	-559.00
6386726.15	1985286.34	-584.00
6386725.95	1985285.89	-609.00
6386725.80	1985285.47	-634.00
6386725.65	1985285.02	-659.00
6386725.46	1985284.53	-684.00
6386725.22	1985284.00	-709.00
6386724.92	1985283.43	-734.00
6386724.58	1985282.82	-759.00
6386724.21	1985282.20	-784.00
6386723.80	1985281.56	-809.00
6386723.35	1985280.90	-834.00
6386722.89	1985280.24	-859.00
6386722.44	1985279.59	-884.00
6386721.98	1985278.96	-909.00
6386721.53	1985278.34	-934.00
6386721.08	1985277.73	-959.00
6386720.63	1985277.12	-984.00
6386720.16	1985276.52	-1009.00
6386719.68	1985275.92	-1034.00
6386719.21	1985275.34	-1059.00
6386718.76	1985274.78	-1084.00
6386718.32	1985274.25	-1108.00
6386717.91	1985273.73	-1133.00
6386717.50	1985273.22	-1158.00
6386717.11	1985272.68	-1183.00
6386716.73	1985272.14	-1208.00
6386716.36	1985271.57	-1233.00
6386715.99	1985271.03	-1258.00
6386715.60	1985270.53	-1283.00
6386715.21	1985270.07	-1308.00
6386714.81	1985269.67	-1333.00
6386714.41	1985269.28	-1358.00
6386714.01	1985268.88	-1383.00
6386713.61	1985268.47	-1408.00
6386713.21	1985268.05	-1433.00
6386712.82	1985267.62	-1458.00
6386712.42	1985267.19	-1483.00
6386712.03	1985266.76	-1508.00
6386711.63	1985266.31	-1533.00
6386711.24	1985265.88	-1558.00
6386710.84	1985265.45	-1583.00
6386710.43	1985265.03	-1608.00
6386710.03	1985264.61	-1633.00
6386709.62	1985264.21	-1658.00
6386709.24	1985263.82	-1683.00
6386708.87	1985263.44	-1708.00
6386708.51	1985263.07	-1733.00
6386708.17	1985262.70	-1758.00
6386707.83	1985262.34	-1783.00
6386707.50	1985261.98	-1808.00
6386707.18	1985261.62	-1833.00
6386706.86	1985261.27	-1858.00
6386706.57	1985260.93	-1883.00
6386706.31	1985260.60	-1908.00
6386706.06	1985260.29	-1933.00
6386705.83	1985259.99	-1958.00
6386705.61	1985259.70	-1983.00
6386705.39	1985259.44	-2008.00
6386705.18	1985259.19	-2033.00
6386704.98	1985258.95	-2058.00
6386704.79	1985258.74	-2083.00
6386704.61	1985258.54	-2108.00
6386704.45	1985258.36	-2133.00
6386704.28	1985258.22	-2158.00
6386704.12	1985258.13	-2183.00
6386703.97	1985258.09	-2208.00
6386703.85	1985258.09	-2233.00
6386703.74	1985258.09	-2258.00
6386703.59	1985258.07	-2283.00
6386703.43	1985258.03	-2308.00
6386703.25	1985257.96	-2333.00
6386703.07	1985257.85	-2358.00
6386702.89	1985257.73	-2383.00
6386702.72	1985257.58	-2408.00
6386702.56	1985257.41	-2433.00
6386702.41	1985257.22	-2458.00
6386702.28	1985257.02	-2483.00
6386702.16	1985256.81	-2508.00
6386702.05	1985256.59	-2533.00
6386701.95	1985256.36	-2558.00
6386701.81	1985256.12	-2583.00
6386701.65	1985255.87	-2608.00
6386701.45	1985255.62	-2633.00
6386701.32	1985255.36	-2658.00
6386701.32	1985255.13	-2683.00
6386701.39	1985254.99	-2708.00
6386701.46	1985254.93	-2733.00
6386701.54	1985254.87	-2758.00
6386701.60	1985254.75	-2783.00
6386701.62	1985254.57	-2808.00
6386701.55	1985254.34	-2833.00
6386701.43	1985254.12	-2858.00
6386701.34	1985253.92	-2883.00
6386701.28	1985253.74	-2908.00
6386701.25	1985253.58	-2933.00
6386701.20	1985253.45	-2958.00
6386701.12	1985253.33	-2983.00
6386701.02	1985253.22	-3008.00
6386700.89	1985253.15	-3033.00
6386700.71	1985253.10	-3058.00
6386700.47	1985253.09	-3083.00
6386700.17	1985253.14	-3108.00
6386699.83	1985253.28	-3133.00
6386699.47	1985253.47	-3158.00
6386699.06	1985253.68	-3183.00
6386698.62	1985253.91	-3208.00
6386698.15	1985254.15	-3233.00
6386697.67	1985254.40	-3258.00
6386697.22	1985254.66	-3283.00
6386696.79	1985254.94	-3308.00
6386696.39	1985255.22	-3333.00
6386696.02	1985255.51	-3358.00
6386695.67	1985255.78	-3383.00
6386695.36	1985256.05	-3408.00
6386695.07	1985256.30	-3433.00
6386694.81	1985256.56	-3458.00
6386694.57	1985256.85	-3483.00
6386694.36	1985257.16	-3508.00
6386694.18	1985257.49	-3533.00
6386694.05	1985257.87	-3558.00
6386694.00	1985258.30	-3583.00
6386694.03	1985258.81	-3608.00
6386694.15	1985259.42	-3633.00
6386694.32	1985260.08	-3658.00
6386694.49	1985260.76	-3683.00
6386694.69	1985261.46	-3708.00
6386694.91	1985262.21	-3733.00
6386695.12	1985262.94	-3758.00
6386695.28	1985263.63	-3783.00
6386695.42	1985264.29	-3808.00
6386695.57	1985264.95	-3833.00
6386695.72	1985265.62	-3858.00
6386695.87	1985266.33	-3883.00
6386695.95	1985267.12	-3908.00
6386695.84	1985268.04	-3933.00
6386695.65	1985269.03	-3958.00
6386695.49	1985270.07	-3983.00
6386695.24	1985271.30	-4008.00
6386694.72	1985272.81	-4033.00
6386694.03	1985274.48	-4058.00
6386693.34	1985276.18	-4083.00
6386692.67	1985277.92	-4108.00
6386692.03	1985279.69	-4133.00
6386691.40	1985281.50	-4158.00
6386690.71	1985283.34	-4182.00
6386690.02	1985285.16	-4207.00
6386689.35	1985286.93	-4232.00
6386688.69	1985288.69	-4257.00
6386688.01	1985290.47	-4282.00
6386687.33	1985292.23	-4307.00
6386686.66	1985293.92	-4332.00
6386685.97	1985295.56	-4357.00
6386685.24	1985297.18	-4382.00
6386684.47	1985298.78	-4407.00
6386683.69	1985300.37	-4432.00
6386682.88	1985301.99	-4457.00
6386682.03	1985303.68	-4482.00
6386681.15	1985305.36	-4507.00
6386680.28	1985307.00	-4532.00
6386679.41	1985308.59	-4556.00
6386678.56	1985310.14	-4581.00
6386677.72	1985311.65	-4606.00
6386676.87	1985313.12	-4631.00
6386676.03	1985314.57	-4656.00
6386675.21	1985315.97	-4681.00
6386674.42	1985317.32	-4706.00
6386673.69	1985318.58	-4731.00
6386672.96	1985319.79	-4756.00
6386672.16	1985320.99	-4781.00
6386671.36	1985322.18	-4806.00
6386670.60	1985323.37	-4831.00
6386669.85	1985324.57	-4856.00
6386669.07	1985325.80	-4881.00
6386668.28	1985327.05	-4906.00
6386667.51	1985328.32	-4931.00
6386666.76	1985329.61	-4956.00
6386666.03	1985330.92	-4981.00
6386665.33	1985332.26	-5006.00
6386664.68	1985333.63	-5031.00
6386664.06	1985335.01	-5055.00
6386663.47	1985336.39	-5080.00
6386662.89	1985337.78	-5105.00
6386662.30	1985339.21	-5130.00
6386661.69	1985340.71	-5155.00
6386661.08	1985342.30	-5180.00
6386660.42	1985343.98	-5205.00
6386659.72	1985345.74	-5230.00
6386658.96	1985347.59	-5255.00
6386658.14	1985349.57	-5280.00
6386657.31	1985351.61	-5305.00
6386656.49	1985353.66	-5330.00
6386655.67	1985355.70	-5355.00
6386654.84	1985357.74	-5380.00
6386654.01	1985359.76	-5404.00
6386653.19	1985361.72	-5429.00
6386652.37	1985363.67	-5454.00
6386651.52	1985365.62	-5479.00
6386650.66	1985367.58	-5504.00
6386649.78	1985369.53	-5529.00
6386648.90	1985371.47	-5554.00
6386648.00	1985373.39	-5579.00
6386647.13	1985375.24	-5604.00
6386646.34	1985376.95	-5629.00
6386645.59	1985378.60	-5654.00
6386644.82	1985380.27	-5679.00
6386644.06	1985381.90	-5703.00
6386643.34	1985383.46	-5728.00
6386642.68	1985384.93	-5753.00
6386642.11	1985386.32	-5778.00
6386641.59	1985387.64	-5803.00
6386641.10	1985388.90	-5828.00
6386640.64	1985390.03	-5853.00
6386640.19	1985390.96	-5878.00
6386639.77	1985391.80	-5903.00
6386639.36	1985392.64	-5928.00
6386638.97	1985393.45	-5953.00
6386638.61	1985394.19	-5978.00
6386638.27	1985394.84	-6003.00
6386637.97	1985395.42	-6028.00
6386637.68	1985395.95	-6053.00
6386637.36	1985396.46	-6078.00
6386637.03	1985396.95	-6103.00
6386636.67	1985397.42	-6128.00
6386636.31	1985397.86	-6153.00
6386635.92	1985398.28	-6178.00
6386635.52	1985398.68	-6203.00
6386635.11	1985399.05	-6228.00
6386634.69	1985399.40	-6253.00
6386634.27	1985399.71	-6278.00
6386633.85	1985400.00	-6303.00
6386633.43	1985400.27	-6328.00
6386633.01	1985400.50	-6353.00
6386632.57	1985400.72	-6378.00
6386632.13	1985400.91	-6403.00
6386631.69	1985401.08	-6428.00
6386631.23	1985401.23	-6453.00
6386630.74	1985401.37	-6478.00
6386630.23	1985401.48	-6503.00
6386629.70	1985401.57	-6528.00
6386629.17	1985401.66	-6553.00
6386628.68	1985401.75	-6578.00
6386628.21	1985401.83	-6603.00
6386627.75	1985401.90	-6628.00
6386627.28	1985401.95	-6653.00
6386626.81	1985401.97	-6678.00
6386626.38	1985401.96	-6703.00
6386626.02	1985401.88	-6728.00
6386625.72	1985401.76	-6753.00
6386625.47	1985401.63	-6778.00
6386625.26	1985401.49	-6803.00
6386625.09	1985401.34	-6828.00
6386624.96	1985401.20	-6853.00
6386624.84	1985401.04	-6878.00
6386624.74	1985400.89	-6903.00
6386624.66	1985400.74	-6928.00
6386624.59	1985400.58	-6953.00
6386624.52	1985400.40	-6978.00
6386624.44	1985400.20	-7003.00
6386624.36	1985399.98	-7028.00
6386624.28	1985399.75	-7053.00
6386624.20	1985399.49	-7078.00
6386624.11	1985399.23	-7103.00
6386623.99	1985398.99	-7128.00
6386623.78	1985398.81	-7153.00
6386623.49	1985398.80	-7178.00
6386623.17	1985398.91	-7203.00
6386622.81	1985399.05	-7228.00
6386622.43	1985399.19	-7253.00
6386622.03	1985399.29	-7278.00
6386621.62	1985399.36	-7303.00
6386621.19	1985399.40	-7328.00
6386620.74	1985399.44	-7353.00
6386620.29	1985399.49	-7378.00
6386619.83	1985399.58	-7403.00
6386619.35	1985399.74	-7428.00
6386618.86	1985399.96	-7453.00
6386618.36	1985400.26	-7478.00
6386617.91	1985400.63	-7503.00
6386617.55	1985401.04	-7528.00
6386617.27	1985401.44	-7553.00
6386617.10	1985401.78	-7578.00
6386616.99	1985402.08	-7603.00
6386616.91	1985402.39	-7628.00
6386616.87	1985402.69	-7653.00
6386616.87	1985402.98	-7678.00
6386616.90	1985403.24	-7703.00
6386616.95	1985403.49	-7728.00
6386616.99	1985403.74	-7753.00
6386617.00	1985403.99	-7778.00
6386616.99	1985404.29	-7803.00
6386616.97	1985404.64	-7828.00
6386616.93	1985405.03	-7853.00
6386616.88	1985405.44	-7878.00
6386616.82	1985405.86	-7903.00
6386616.75	1985406.28	-7928.00
6386616.69	1985406.72	-7953.00
6386616.65	1985407.16	-7978.00
6386616.64	1985407.59	-8003.00
6386616.66	1985408.03	-8028.00
6386616.68	1985408.48	-8053.00
6386616.69	1985408.99	-8078.00
6386616.68	1985409.55	-8103.00
6386616.64	1985410.16	-8128.00
6386616.60	1985410.85	-8153.00
6386616.58	1985411.63	-8178.00
6386616.58	1985412.53	-8203.00
6386616.61	1985413.52	-8228.00
6386616.67	1985414.60	-8253.00
6386616.74	1985415.73	-8278.00
6386616.82	1985416.93	-8303.00
6386616.91	1985418.19	-8328.00
6386617.01	1985419.49	-8353.00
6386617.13	1985420.82	-8378.00
6386617.27	1985422.18	-8403.00
6386617.42	1985423.56	-8427.00
6386617.56	1985424.95	-8452.00
6386617.65	1985426.30	-8477.00
6386617.70	1985427.62	-8502.00
6386617.70	1985428.91	-8527.00
6386617.68	1985430.19	-8552.00
6386617.63	1985431.46	-8577.00
6386617.53	1985432.71	-8602.00
6386617.38	1985433.90	-8627.00
6386617.23	1985435.04	-8652.00
6386617.14	1985436.15	-8677.00
6386617.08	1985437.22	-8702.00
6386617.02	1985438.23	-8727.00
6386616.98	1985439.19	-8752.00
6386616.95	1985440.10	-8777.00
6386617.02	1985440.90	-8802.00
6386617.09	1985441.19	-8812.00
6386617.22	1985441.59	-8827.00
6386617.69	1985443.23	-8887.00
